# Plik danych: 20 gosci, 20 pokoi
# Wiersze: preferencje goscia i dla pokoju j (0..10)
20
10 1 0 4 3 3 2 1 10 8 1 9 6 0 0 1 3 3 8 9
0 8 3 10 8 6 3 7 9 4 0 2 6 5 4 2 3 5 1 1
6 1 5 5 9 4 0 7 8 1 6 1 8 4 10 9 5 9 3 1
0 10 3 4 1 3 1 6 4 7 10 5 2 5 5 3 10 4 10 10
1 9 10 2 8 3 2 7 6 4 10 8 3 10 5 0 3 0 5 6
4 1 3 9 5 3 10 7 6 10 7 2 4 2 3 8 8 4 9 6
9 6 5 3 2 8 7 1 0 1 2 10 2 10 6 9 1 6 6 9
7 8 4 8 0 10 1 10 8 4 10 5 1 4 6 2 7 0 4 8
2 8 1 10 4 10 8 9 3 2 5 2 8 8 0 9 5 7 0 1
5 4 3 0 3 9 1 1 7 1 8 2 2 10 7 8 2 4 8 9
6 3 8 3 4 6 10 10 5 7 8 7 1 3 3 1 5 0 9 8
3 9 3 0 1 10 0 3 1 0 5 1 8 3 4 10 7 3 8 2
9 9 7 3 7 6 3 1 1 10 6 5 6 6 7 0 10 10 10 1
0 6 5 1 3 3 3 8 7 2 6 2 4 7 3 1 7 8 1 0
10 8 0 1 3 2 6 7 7 3 6 0 2 6 0 6 4 7 4 6
8 10 7 2 3 4 3 0 9 8 0 5 0 0 9 7 8 8 2 0
8 1 2 1 9 1 10 3 6 1 9 3 9 9 0 9 1 6 10 9
9 8 5 4 3 10 5 3 4 6 2 10 10 4 7 5 1 0 7 9
9 1 1 8 3 8 4 2 5 1 3 5 4 2 7 8 4 9 10 8
0 10 8 4 10 1 2 4 1 1 8 2 4 4 9 3 5 3 10 10
